|obsid      |start_time         |uvot_expo_uu|uvot_expo_bb|uvot_expo_vv|uvot_expo_w1|uvot_expo_w2|uvot_expo_m2|xrt_expo_wt|xrt_expo_pc|_Search_Offset   |
|00036376004|2008-11-11 02:44:00|     0.00000|     0.00000|     0.00000|     0.00000|   643.77100|     0.00000|    3.04100|  639.28600|0.299 (4C +71.07)|
|00036376033|2015-04-16 01:05:58|   356.08700|   356.09900|   356.08700|   716.08100|  1429.08300|  1281.11000|   10.05800| 4586.61800|0.431 (4C +71.07)|
|00036376011|2011-10-07 09:43:00|    98.54600|    98.55700|    98.54600|   197.55500|  1899.32800|   592.29100|    0.09100| 2981.49500|0.432 (4C +71.07)|
|00036376016|2011-11-06 00:13:00|     0.00000|     0.00000|     0.00000|  2113.24600|     0.00000|     0.00000|    4.01000| 2108.63000|0.440 (4C +71.07)|
|00036376075|2016-10-03 12:14:58|   390.89600|   390.86300|   390.98500|   782.81900|  1566.89500|  1136.73300|    0.14700| 4786.19500|0.445 (4C +71.07)|
|00036376014|2011-11-04 03:18:00|     0.00000|     0.00000|     0.00000|     0.00000|  1609.52700|   465.84300|   11.09600| 2065.98600|0.455 (4C +71.07)|
|00036376046|2015-10-30 01:13:59|   159.53600|   159.54700|    79.77900|   319.53500|   506.30000|  1722.55700|   12.55200| 2950.06900|0.473 (4C +71.07)|
|00035385001|2006-04-01 00:16:01|   377.80000|   377.81100|   377.61300|   757.73000|  1517.78800|   947.73900|  124.90500| 4369.34000|0.580 (4C +71.07)|
|00036376009|2011-04-17 03:05:00|  1086.26800|     0.00000|  1127.54200|     0.00000|     0.00000|     0.00000|    0.00000| 2231.49100|0.589 (4C +71.07)|
|00036376010|2011-04-21 00:08:27|   566.60700|     0.00000|  1278.08700|     0.00000|     0.00000|     0.00000|    0.00000| 1862.83700|0.730 (4C +71.07)|
|00036376030|2015-02-17 11:32:59|   379.26800|   379.43300|   379.33400|   760.30100|  1521.30700|  1286.60400|    9.13500| 4774.80200|0.792 (4C +71.07)|
|00080399001|2013-12-16 01:25:59|     0.00000|     0.00000|     0.00000|     0.00000|     0.00000|  2246.24700|  327.45200| 1920.58400|0.801 (4C +71.07)|
|00036376076|2020-12-19 05:27:35|     0.00000|     0.00000|     0.00000|   320.94800|   297.77800|   297.75600|    1.97200|  925.19200|0.898 (4C +71.07)|
|00036376028|2014-12-17 18:33:59|   404.07000|   404.09200|   404.09200|   809.05500|  1619.10300|  1310.54500|   12.14800| 5039.78800|0.966 (4C +71.07)|
|00036376021|2011-12-27 23:33:23|   189.54600|   189.55700|   189.47900|   548.39100|   763.55500|   550.02400|    8.05300| 2474.69400|0.973 (4C +71.07)|
|00036376008|2011-04-13 04:11:00|  1093.03100|     0.00000|   939.53000|     0.00000|     0.00000|     0.00000|    0.12200| 2046.02900|1.106 (4C +71.07)|
|00036376070|2016-08-07 15:33:58|    75.55300|    75.55300|    75.55300|   152.55200|   305.54600|   347.55900|    0.00000| 1080.18100|1.140 (4C +71.07)|
|00036376026|2014-10-17 02:49:58|   757.39900|   757.48700|   757.45400|  1517.54500|  3042.48200|  2656.47300|   52.76700| 9753.99600|1.193 (4C +71.07)|
|00036376020|2011-11-12 07:05:59|     0.00000|     0.00000|     0.00000|     0.00000|  2178.35100|     0.00000|    0.00000| 2181.34300|1.256 (4C +71.07)|
|00036376015|2011-11-05 06:34:00|     0.00000|     0.00000|     0.00000|     0.00000|     0.00000|  1685.75300|    5.18000| 1682.29500|1.314 (4C +71.07)|
|00036376069|2016-08-06 10:42:58|   110.53900|   110.53900|   110.56100|   221.56300|   443.54500|   389.55000|    0.00000| 1436.21900|1.349 (4C +71.07)|
|00036376002|2008-01-17 20:59:01|     0.00000|     0.00000|     0.00000|     0.00000|     0.00000|   936.60700|    1.97400|  935.21400|1.358 (4C +71.07)|
|00036376067|2016-06-01 00:41:58|   255.03700|   255.09200|   255.07000|   679.42900|  1025.10200|   968.43700|    0.15700| 3539.31400|1.379 (4C +71.07)|
|00036376005|2009-01-18 06:42:59|     0.00000|     0.00000|     0.00000|     0.00000|  9118.42300|     0.00000|   37.88700| 9083.43300|1.434 (4C +71.07)|
|00035385002|2006-07-10 04:41:00|   158.11300|   158.12400|   158.05800|   317.08600|   639.07100|   370.32000|    8.94800| 1892.82800|1.441 (4C +71.07)|
|00036376019|2011-11-11 03:54:00|  2020.03900|     0.00000|     0.00000|     0.00000|     0.00000|     0.00000|    0.11300| 2023.38200|1.484 (4C +71.07)|
|00036376006|2009-12-12 20:00:00|     0.00000|     0.00000|     0.00000|     0.00000|  1000.85100|     0.00000|    0.00000| 1002.91500|1.516 (4C +71.07)|
|00036376001|2007-04-04 01:14:01|   643.70500|   643.76000|   643.70500|  1289.66000|  2571.74100|  1599.69600|  201.46000| 7395.42900|1.547 (4C +71.07)|
|00036376039|2015-08-09 19:45:53|    61.78400|    61.77300|    61.77300|   313.50000|   245.78000|   205.62100|    0.14700|  976.05500|1.573 (4C +71.07)|
|00036376017|2011-11-08 18:15:00|     0.00000|     0.00000|     0.00000|     0.00000|  1491.82700|     0.00000|    0.00000| 1493.58900|1.579 (4C +71.07)|
|00036376029|2015-01-17 14:49:59|   399.08300|   399.10500|   398.99400|   802.09300|  1605.19000|  1126.03100|    8.93400| 4821.53200|1.673 (4C +71.07)|
|00036376077|2020-12-20 18:09:34|     0.00000|     0.00000|     0.00000|   471.38100|   491.55000|   491.55000|   11.53300| 1462.16700|1.690 (4C +71.07)|
|00036376053|2015-11-07 15:16:57|   225.42500|   225.31400|   225.33600|   454.29100|   906.33200|   842.39700|   12.35900| 2939.00000|1.892 (4C +71.07)|
|00036376074|2016-09-03 22:21:58|   374.11500|   374.09300|   374.08200|   749.05800|  1499.10900|  1376.41200|    0.39400| 4686.07900|1.917 (4C +71.07)|
|00036376045|2015-09-17 05:28:42|   371.09200|   371.10300|   267.31700|   744.17000|  1355.49300|   803.10800|   12.41900| 3991.59400|1.946 (4C +71.07)|
|00036376052|2015-11-05 01:14:58|   189.12600|   189.09300|   189.07100|   377.07200|   758.10500|   563.61700|   23.91500| 2335.90400|1.952 (4C +71.07)|
|00036376048|2015-11-01 02:48:58|   181.32600|   143.05300|   142.55600|   362.31000|   571.54900|   519.18700|   35.80000| 1943.88200|2.038 (4C +71.07)|
|00036376051|2015-11-03 06:07:57|   408.42800|   408.40600|   408.41700|   819.38200|  1641.45600|  1264.79200|   47.97800| 5075.83200|2.097 (4C +71.07)|
|00036376064|2016-03-22 01:33:57|   108.53100|   108.56400|   108.55300|   217.54700|   435.55800|   384.31000|    0.00000| 1414.10900|2.182 (4C +71.07)|
|00090080002|2010-02-20 16:28:00|     0.00000|     0.00000|     0.00000|  1061.76400|     0.00000|     0.00000|    0.00000| 1064.92900|2.195 (4C +71.07)|
|00036376065|2016-04-03 17:49:58|   380.42600|   380.40400|   317.64900|   764.36100|  1513.55100|   941.10800|    0.11900| 4444.47400|2.232 (4C +71.07)|
|00036376025|2013-12-15 17:20:58|   227.55400|   227.53200|   227.56500|   456.54200|  3204.47800|   703.18300|    0.10800| 5102.34300|2.306 (4C +71.07)|
|00036376024|2012-04-03 10:25:00|    87.76700|    87.77800|    87.76700|   175.76500|   351.77400|   304.28800|    0.12400| 1120.75900|2.392 (4C +71.07)|
|00036376066|2016-05-02 23:58:58|   372.10700|   372.11800|   372.10700|   746.06800|  1494.11100|  1047.22300|    0.00000| 4461.24500|2.396 (4C +71.07)|
|00036376003|2008-02-10 03:23:00|     0.00000|     0.00000|     0.00000|  4145.92900|     0.00000|   515.35900|   28.62700| 4635.99700|2.443 (4C +71.07)|
|00036376040|2015-08-11 17:51:58|   181.20500|   165.54900|    84.78800|   493.28200|   406.91600|   287.19800|    0.14100| 2710.25000|2.469 (4C +71.07)|
|00036376031|2015-03-17 17:15:59|    90.77900|    90.77900|    90.86700|   181.76700|   363.77700|   291.96400|    8.48000| 1128.28200|2.481 (4C +71.07)|
|00036376058|2016-02-07 01:05:58|    79.75700|    79.76800|    79.76800|   159.76800|   319.77800|   268.26500|    0.13900| 2625.14700|2.493 (4C +71.07)|
|00036376007|2010-03-21 11:49:01|     0.00000|     0.00000|   602.39700|     0.00000|     0.00000|     0.00000|    0.00000|  609.22800|2.504 (4C +71.07)|
|00036376027|2014-11-26 06:50:58|   384.66300|   384.64100|   384.63000|   772.60200|  1547.63200|  1137.59300|   18.21600| 4735.34500|2.512 (4C +71.07)|
|00036376036|2015-06-20 06:17:59|   170.53600|   170.55800|   170.55800|   341.53500|   685.54100|   454.28000|    6.06700| 2040.94200|2.515 (4C +71.07)|
|00036376056|2016-01-14 00:15:07|   421.86600|   421.87700|   329.11200|   842.94800|  1518.41700|  1004.48100|    0.07000| 4703.68600|2.622 (4C +71.07)|
|00091891001|2014-05-01 03:05:10|    80.78300|    80.77200|     6.23400|   160.76100|   322.76800|     0.00000|    0.00000|  671.95100|2.641 (4C +71.07)|
|00080399002|2014-01-18 13:29:59|   384.08900|   379.51000|   384.08900|   770.06500|  1540.10800|  1225.26100|    0.00000| 4775.49100|2.721 (4C +71.07)|
|00036376032|2015-03-20 23:18:59|   306.31800|   306.32900|   306.31800|   615.29500|  1229.42000|   921.28200|    6.05400| 3752.78000|2.734 (4C +71.07)|
|00036376012|2011-11-02 20:46:36|     0.00000|     0.00000|     0.00000|  1994.11200|     0.00000|     0.00000|    3.03600| 1990.79500|2.771 (4C +71.07)|
|00091891005|2014-06-28 00:53:59|   444.31800|    37.78800|    37.77700|    75.76300|   150.77600|    74.47200|    0.00000|  846.07100|2.805 (4C +71.07)|
|00036376018|2011-11-10 14:58:00|     0.00000|     0.00000|     0.00000|  1936.77400|     0.00000|     0.00000|    0.00000| 1938.13500|3.004 (4C +71.07)|
|00036376022|2012-01-02 04:16:00|   249.54300|   249.53200|   249.55400|   499.54900|  1000.54200|   622.70900|   10.34400| 2911.29300|3.063 (4C +71.07)|
|00036376044|2015-08-20 18:54:58|   264.31600|   264.32700|   264.34900|   530.22000|  1060.85900|   854.12500|   11.26800| 3299.58900|3.107 (4C +71.07)|
|00091891003|2014-05-27 16:56:59|    87.77800|    87.77800|    87.77800|   175.76500|   351.77400|   283.33600|    0.00000| 1098.18100|3.130 (4C +71.07)|
|00036376043|2015-08-17 04:29:58|   397.30600|   397.31700|     0.00000|   794.30400|   315.34300|     0.00000|    9.12000| 1945.45900|3.142 (4C +71.07)|
|00036376035|2015-05-20 04:19:59|   130.78400|   130.77300|   130.77300|   262.76000|   524.78100|   427.63600|    4.10200| 1628.33400|3.173 (4C +71.07)|
|00036376054|2015-11-10 16:33:17|   159.53600|   159.55800|   159.54700|   319.53500|   639.55600|   504.90000|    0.00000| 1990.33300|3.178 (4C +71.07)|
|00036376037|2015-06-23 20:25:59|   198.32800|   198.35000|   161.57700|   395.16600|   793.30000|   327.02700|   10.29300| 2135.54800|3.182 (4C +71.07)|
|00036376068|2016-07-03 06:24:58|   391.09500|   391.10600|   391.08400|   783.07300|  1567.09400|  1306.49600|    0.00000| 4934.96300|3.212 (4C +71.07)|
|00036376041|2015-08-13 12:59:58|   167.50200|   167.53500|   167.51300|   334.52900|   669.54400|   566.60700|    0.00000| 2123.67700|3.310 (4C +71.07)|
|00036376038|2015-07-17 17:16:58|   394.06300|   394.09600|   394.10700|   790.11100|  1581.10500|  1301.37700|   12.14900| 4944.37000|3.370 (4C +71.07)|
|00036376042|2015-08-15 01:28:58|   240.65000|   240.55100|   240.56200|   481.53200|   963.54900|   762.76100|    0.05900| 2983.68100|3.406 (4C +71.07)|
|00036376073|2016-08-10 00:37:58|    75.54200|    75.56400|    75.53100|   149.55100|   300.54800|   343.02500|    0.00000| 1066.22700|3.458 (4C +71.07)|
|00091891002|2014-05-06 06:01:58|    54.77800|    54.77800|    54.71200|   108.78500|   218.78300|   214.69000|    0.00000|  732.12800|3.626 (4C +71.07)|
|00036376059|2016-03-03 06:19:58|   256.86800|   256.84600|   256.86800|   515.82200|  1032.88000|   772.36000|    0.00000| 3218.89800|3.717 (4C +71.07)|
|00036376055|2015-12-03 16:59:57|   389.34100|   389.31900|   387.43200|   779.29900|  1560.33100|  1281.66100|    0.00000| 4864.16200|3.782 (4C +71.07)|
|00036376034|2015-05-17 17:34:58|   265.32000|   265.43000|   265.32000|   532.29400|  1065.04100|   904.08200|    9.11900| 3354.22300|3.828 (4C +71.07)|
|00091891004|2014-06-24 23:20:59|    35.74700|    35.78000|    35.76900|    70.76500|   142.77700|    92.43400|    0.09200|  438.18500|3.848 (4C +71.07)|
|00036376072|2016-08-09 16:53:58|   257.32100|   257.31000|   257.32100|   516.30800|  1033.31000|   883.79200|    0.12100| 3282.04300|3.863 (4C +71.07)|
|00036376057|2016-02-03 01:37:57|   212.50500|   212.51600|   212.66000|   426.53300|   853.55100|   673.10700|    0.06400| 2642.69500|3.894 (4C +71.07)|
|00036376063|2016-03-17 01:43:58|   251.60600|   251.61700|   251.59500|   504.66800|  1009.63300|   954.46900|    0.03400| 3370.55700|3.917 (4C +71.07)|
|00090080001|2010-01-23 03:14:00|     0.00000|     0.00000|     0.00000|  1189.90100|     0.00000|     0.00000|    0.00000| 1190.96500|4.548 (4C +71.07)|
